{
  "cells": [
    {
      "cell_type": "code",
      "execution_count": 1,
      "id": "kn_inverse",
      "metadata": {},
      "outputs": [
        {
          "name": "stdout",
          "output_type": "stream",
          "text": [
            "K_n =\n",
            " [[ 2. -1.  0.  0.  0.  0.]\n",
            " [-1.  2. -1.  0.  0.  0.]\n",
            " [ 0. -1.  2. -1.  0.  0.]\n",
            " [ 0.  0. -1.  2. -1.  0.]\n",
            " [ 0.  0.  0. -1.  2. -1.]\n",
            " [ 0.  0.  0.  0. -1.  2.]]\n",
            "\n",
            "K_n^{-1} (np.linalg.inv) =\n",
            " [[0.857143 0.714286 0.571429 0.428571 0.285714 0.142857]\n",
            " [0.714286 1.428571 1.142857 0.857143 0.571429 0.285714]\n",
            " [0.571429 1.142857 1.714286 1.285714 0.857143 0.428571]\n",
            " [0.428571 0.857143 1.285714 1.714286 1.142857 0.571429]\n",
            " [0.285714 0.571429 0.857143 1.142857 1.428571 0.714286]\n",
            " [0.142857 0.285714 0.428571 0.571429 0.714286 0.857143]]\n",
            "\n",
            "K_n^{-1} (closed form) =\n",
            " [[0.857143 0.714286 0.571429 0.428571 0.285714 0.142857]\n",
            " [0.714286 1.428571 1.142857 0.857143 0.571429 0.285714]\n",
            " [0.571429 1.142857 1.714286 1.285714 0.857143 0.428571]\n",
            " [0.428571 0.857143 1.285714 1.714286 1.142857 0.571429]\n",
            " [0.285714 0.571429 0.857143 1.142857 1.428571 0.714286]\n",
            " [0.142857 0.285714 0.428571 0.571429 0.714286 0.857143]]\n",
            "\n",
            "max|difference| = 4.440892098500626e-16\n",
            "max|K @ K_inv - I| = 2.220446049250313e-16\n"
          ]
        }
      ],
      "source": [
        "import numpy as np\n",
        "def make_K(n: int) -> np.ndarray:\n",
        "    \"\"\"Construct K_n with 2 on the diagonal and -1 on first off-diagonals.\"\"\"\n",
        "    K = 2 * np.eye(n)\n",
        "    K += -1 * np.eye(n, k=1)\n",
        "    K += -1 * np.eye(n, k=-1)\n",
        "    return K\n",
        "\n",
        "def inverse_K(n: int) -> np.ndarray:\n",
        "    \"\"\"Compute K_n^{-1} numerically.\"\"\"\n",
        "    K = make_K(n)\n",
        "    return np.linalg.inv(K)\n",
        "\n",
        "def inverse_K_closed_form(n: int) -> np.ndarray:\n",
        "    \"\"\"Closed form: (K^{-1})_ij = min(i,j)*(n+1-max(i,j))/(n+1), with i,j starting at 1.\"\"\"\n",
        "    i = np.arange(1, n + 1)[:, None]\n",
        "    j = np.arange(1, n + 1)[None, :]\n",
        "    return np.minimum(i, j) * (n + 1 - np.maximum(i, j)) / (n + 1)\n",
        "\n",
        "n = 6\n",
        "K = make_K(n)\n",
        "K_inv = inverse_K(n)\n",
        "K_inv_formula = inverse_K_closed_form(n)\n",
        "\n",
        "print(\"K_n =\\n\", K)\n",
        "print(\"\\nK_n^{-1} (np.linalg.inv) =\\n\", np.round(K_inv, 6))\n",
        "print(\"\\nK_n^{-1} (closed form) =\\n\", np.round(K_inv_formula, 6))\n",
        "print(\"\\nmax|difference| =\", np.max(np.abs(K_inv - K_inv_formula)))\n",
        "print(\"max|K @ K_inv - I| =\", np.max(np.abs(K @ K_inv - np.eye(n))))\n"
      ]
    }
  ],
  "metadata": {
    "kernelspec": {
      "display_name": "jupyter",
      "language": "python",
      "name": "python3"
    },
    "language_info": {
      "codemirror_mode": {
        "name": "ipython",
        "version": 3
      },
      "file_extension": ".py",
      "mimetype": "text/x-python",
      "name": "python",
      "nbconvert_exporter": "python",
      "pygments_lexer": "ipython3",
      "version": "3.11.14"
    }
  },
  "nbformat": 4,
  "nbformat_minor": 5
}
